SM:2023-03-27T12:08:34.1713673Z
LM:2023-03-27T12:08:49.0649317Z
CT:image/jpeg
MA:2592000
CL:412650
